0.0001
6.1492e-05
2.9137e-05
2.5430e-05
2.2885e-05
2.0275e-05
1.7070e-05
1.3894e-05
1.2189e-05
1.0832e-05
9.5590e-06
8.3567e-06
9.6441e-06
9.0568e-06
7.3116e-06
6.6852e-06
6.0900e-06
6.9378e-06
5.7032e-06
4.7659e-06
4.5017e-06
4.3068e-06
4.4138e-06
4.1011e-06
4.0425e-06
4.3117e-06
3.9147e-06
3.7153e-06
3.9292e-06
3.5127e-06
3.3024e-06
3.2293e-06
3.3631e-06
3.2238e-06
3.0803e-06
3.4084e-06
2.7549e-06
2.7496e-06
2.9950e-06
2.5197e-06
2.9724e-06
2.4137e-06
2.4034e-06
2.4480e-06
2.3508e-06
2.3567e-06
2.3847e-06
2.6041e-06
2.0447e-06
2.1028e-06
2.0189e-06
3.9671e-06
2.2504e-06
2.0614e-06
2.0249e-06
2.0125e-06
1.8389e-06
1.7545e-06
2.3143e-06
1.9136e-06
1.6602e-06
1.9674e-06
1.7732e-06
1.6547e-06
1.5611e-06
1.6676e-06
1.9177e-06
1.5492e-06
1.8408e-06
1.6941e-06
1.8189e-06
1.7290e-06
1.4978e-06
1.4858e-06
1.6435e-06
1.4979e-06
1.4455e-06
1.3196e-06
1.7342e-06
1.6375e-06
1.2887e-06
1.4193e-06
1.4450e-06
1.2222e-06
1.2051e-06
1.3311e-06
1.1746e-06
1.2002e-06
1.2240e-06
1.0988e-06
1.4361e-06
1.2624e-06
1.2721e-06
1.1408e-06
1.2260e-06
1.2381e-06
1.5422e-06
1.1478e-06
1.1770e-06
1.2061e-06
