0.00024497
0.0083625
0.00010119
0.19864
0.0010102
0.081824
0.69562
0.00050572
0.0031881
0.17825
0.050343
0.005409
2.3358e-05
0.0014508
7.6399e-12
0.00015831
5.8083e-06
2.0359e-06
7.6545e-08
1.2382e-05
0.0075315
0.0017472
0.00016503
8.7315e-06
4.4487e-06
0.0020996
2.9748e-05
0.039415
0.00011645
0.013885
1.3003e-05
0.0011584
5.8968e-07
2.9429e-05
0.0045055
0.0010395
6.7241e-11
1.5462e-06
1.118e-11
2.1105e-10
2.7832e-12
7.1224e-15
1.7298e-16
0.012691
3.665e-07
2.6416e-05
0.00034029
1.4292e-06
1.7748e-07
0.012694
0.00020965
8.354e-05
0.00032569
0.00034869
6.8844e-06
3.4989e-08
2.2152e-10
1.0445e-07
3.9725e-07
0.0013909
0.0064243
1.8969e-08
2.3456e-08
4.7676e-05
5.2817e-07
0.0047357
1.0155e-08
4.9251e-12
1.1746e-05
3.4519e-08
7.9145e-09
0.0089636
3.6336e-05
1.7119e-08
3.3429e-10
2.2878e-10
2.0434e-11
2.937e-08
1.1519e-08
0.0095687
1.6132e-07
1.1465e-08
2.1654e-10
1.4555e-10
3.599e-12
3.7926e-08
3.3793e-07
0.0067836
1.5074e-07
1.0632e-09
5.827e-10
0.00031103
6.8177e-06
1.0387e-10
9.6984e-09
1.9014e-07
1.1664e-13
0.10574
3.4253e-08
1.2819e-07
1.3034e-07
1.4556e-07
5.1051e-09
1.6314e-08
7.8044e-09
2.6826e-08
2.066e-08
4.2752e-08
3.4016e-08
3.6612e-08
0.00021247
0.00035908
0.00061497
0.011561
0.0017614
6.5179e-08
7.1468e-08
7.3056e-08
6.2909e-08
1.4162e-09
1.2154e-09
1.1173e-09
1.3231e-10
1.349e-09
7.3776e-10
6.332e-10
5.8212e-10
7.5436e-10
6.6065e-54
0.00058473
0.00015243
5.9866e-11
6.3094e-11
7.9909e-11
1.9005e-11
1.4659e-10
1.2292e-10
1.2501e-05
4.5407e-06
3.0431e-12
1.1598e-10
2.2893e-09
6.641e-09
8.6228e-07
5.323e-07
2.3154e-07
2.049e-08
0.00027847
1.6751e-06
4.3302e-08
2.8199e-11
9.1649e-15
1.6322e-10
2.1545e-08
7.7152e-10
1.3168e-08
2.0784e-10
2.6141e-13
7.9461e-10
1.4408e-10
3.5174e-13
5.2328e-15
3.1529e-14
1
1.7463
1.1425
1
1.1916
2.0808
1
1.1138
2.0577
2.8621
3.1764
2.1177
2.7913
4.1684
3.3334
2.6101
2.9508
1.5956
1.1638
1.0226
2.0171
1
2.1068
2.1096
2.8143
2.1856
1
1.5906
2.6835
2.4996
3.7562
1.7377
1.8139
1.8491
2.2943
2.8662
1.8349
1
1.8088
1.0929
1.1241
2.3085
2.5276
3.2277
4.1421
1.8756
2.6533
2.7096
1
1.7944
1.4538
4.4531
2.6978
3.6632
4.5445
2.5964
1
1
2.7546
3.8137
1.8962
1
2.7737
2.7546
2.476
3.4312
1
3.8709
1.6428
1
1
1.7578
3.0197
1
1
1
1
1
1
1.6798
2.5938
1
1
1
1
1.3988
1
1.6823
1
1
1
1.6909
1.8349
2.4649
1.3317
1
1
1
1
1
1
1
1
1
1
1
1
1
1
1
1.9028
1.9081
1.9138
1.9071
1.8904
1.034
1.033
1.0326
1
1.0178
1.0182
1.0184
1.0164
1
1.0616
1.062
1.0622
1
1.9437
1.9426
1.9479
1.0916
1.092
1.0924
1
1.0837
1.0842
1.9404
1.9392
2.3974
2.6017
2.8526
2.9178
10.245
11.663
7.863
12.354
8.3165
9.6778
11.319
11.384
11.394
11.356
12.186
13.28
12.645
14.687
14.773
16.291
14.374
13.515
13.784
12.674
