   2253.61767993388     
  9.675003320722041E-005
  8.352332808766566E-003
  3.434360122050603E-006
  2.681262430146830E-006
  2.564632542232944E-004
  6.968595729902793E-002
  0.695620000362396     
  1.633156992721199E-009
  7.494276629657504E-010
  0.178159836217023     
  4.777391683337289E-002
  8.557640361065911E-009
  1.038622990985693E-007
  7.525347410518417E-009
  2.434705944977885E-016
  4.553362195202864E-012
  5.448580579891257E-012
  6.766081716371095E-014
  4.168420820076373E-020
  3.278862577557826E-018
  7.783578889718433E-009
  3.466518652488008E-009
  1.335379163993222E-010
  7.312687209683364E-012
  1.582141419831871E-012
  5.317173052205562E-014
  5.610361889818379E-013
  1.276973608707532E-010
  2.949085406915638E-012
  6.128764902924774E-009
  3.062342670959850E-012
  9.795011863384280E-016
  1.255077076453379E-014
  1.887051624357278E-015
  2.269228766499638E-010
  7.370056595022097E-011
  1.312186025781722E-022
  1.079459176242065E-022
  9.502465418274896E-019
  2.526183369127681E-024
  1.268439056533589E-033
  1.089461922584527E-037
  1.424567869426793E-029
  4.060779819656078E-018
  2.582479107825330E-017
  9.990311555401477E-020
  1.179900829455425E-017
  8.198653383863076E-018
  1.152362815868437E-016
  4.823037005862225E-013
  5.232331594345459E-014
  1.233517336132749E-012
  6.507661347865511E-012
  1.150874861741847E-010
  3.443222254478021E-012
  2.446645794023934E-025
  9.513230997810180E-027
  3.397182438745710E-026
  3.569436971037085E-027
  8.446291156672970E-015
  3.379584859181107E-015
  6.991839155534377E-017
  4.033113142800508E-021
  2.640367135101409E-018
  6.371979506686348E-018
  2.699656744965965E-015
  1.895658986940592E-026
  9.533053586151015E-033
  1.174144426417291E-005
  4.479459237523127E-018
  2.364536712435957E-020
  1.258382486943720E-014
  1.065117690575770E-016
  1.133809842996783E-027
  9.934279150633849E-030
  3.259955613887456E-039
  6.749046308267835E-043
  2.245662915286627E-017
  1.540052245966362E-017
  6.543640999601515E-016
  6.871642356943500E-019
  4.862272092149048E-027
  4.239796946283980E-029
  1.379003001008279E-038
  1.700157852953014E-042
  1.209828787572392E-014
  2.897416575303229E-019
  3.641997073495842E-014
  7.867258169152113E-029
  8.263489909962312E-032
  2.511117858879830E-041
  2.974987233640824E-013
  1.954110888015041E-017
  8.464798193850333E-017
  3.449223751201600E-031
  2.866785028498486E-031
  3.603399350310650E-029
  0.000000000000000E+000
  0.000000000000000E+000
  0.000000000000000E+000
  0.000000000000000E+000
  0.000000000000000E+000
  0.000000000000000E+000
  0.000000000000000E+000
  0.000000000000000E+000
  0.000000000000000E+000
  1.030366180808854E-031
  0.000000000000000E+000
  0.000000000000000E+000
  0.000000000000000E+000
  0.000000000000000E+000
  3.996920424523324E-031
  0.000000000000000E+000
  0.000000000000000E+000
  0.000000000000000E+000
  0.000000000000000E+000
  0.000000000000000E+000
  0.000000000000000E+000
  2.873492933525945E-041
  0.000000000000000E+000
  0.000000000000000E+000
  0.000000000000000E+000
  0.000000000000000E+000
  0.000000000000000E+000
  0.000000000000000E+000
  0.000000000000000E+000
  0.000000000000000E+000
  1.882824505033301E-052
  6.603517842865065E-054
  1.144289312067608E-009
  1.811968084846072E-008
  0.000000000000000E+000
  0.000000000000000E+000
  0.000000000000000E+000
  0.000000000000000E+000
  0.000000000000000E+000
  5.858502399129182E-034
  4.648946464235412E-037
  2.179159422311347E-017
  2.658851378260828E-037
  9.451449621008467E-017
  0.000000000000000E+000
  7.629077685429632E-032
  2.337739411778696E-017
  1.773022806849757E-016
  5.369666525946506E-008
  2.046221855425302E-008
  5.902367124425577E-019
  1.649453277576715E-006
  2.379574933633004E-018
  1.163240982865557E-026
  2.947348684390546E-030
  3.284551596378068E-026
  1.697810386776813E-025
  7.057762248294059E-027
  1.841532199256406E-025
  1.158701876664319E-024
  3.895920500795126E-024
  1.967187386105613E-029
  6.652164732675545E-029
  4.692716940664795E-035
  8.669312147094551E-032
  1.248466636967727E-035
