8.3988e-06
8.3980e-06
1.7019e-06
8.7495e-07
5.5871e-07
4.1922e-07
3.3720e-07
2.8325e-07
2.3854e-07
2.0554e-07
1.7011e-07
1.4685e-07
1.2743e-07
1.1214e-07
1.0107e-07
9.2899e-08
8.6637e-08
8.1080e-08
7.6118e-08
7.2142e-08
6.8772e-08
6.5816e-08
6.3232e-08
6.1017e-08
5.9035e-08
5.7089e-08
5.5139e-08
5.3254e-08
5.1504e-08
4.9900e-08
4.8410e-08
4.6892e-08
4.5688e-08
4.4609e-08
4.3722e-08
4.2643e-08
4.1767e-08
4.0859e-08
4.7051e-08
4.6374e-08
3.9249e-08
3.7583e-08
4.8051e-08
3.5940e-08
3.4792e-08
3.3995e-08
3.3368e-08
3.3067e-08
3.2373e-08
3.1745e-08
3.4657e-08
3.4583e-08
3.4049e-08
3.3567e-08
3.3297e-08
3.2986e-08
3.2669e-08
3.2341e-08
3.2021e-08
3.1724e-08
3.1443e-08
3.1171e-08
3.0906e-08
3.0646e-08
3.0388e-08
3.0132e-08
2.9875e-08
2.9618e-08
2.9358e-08
2.9096e-08
2.8831e-08
2.8564e-08
2.8295e-08
2.8025e-08
2.7758e-08
2.7491e-08
2.7224e-08
2.6958e-08
2.6692e-08
2.6428e-08
2.6168e-08
2.5934e-08
2.7835e-08
2.5303e-08
2.9770e-08
2.3839e-08
2.2971e-08
2.3352e-08
2.3316e-08
2.2697e-08
2.2070e-08
2.1757e-08
2.0659e-08
2.2119e-08
2.2914e-08
1.9908e-08
2.1987e-08
2.1016e-08
2.1530e-08
1.9127e-08
2.7627e-08
2.2910e-08
2.3059e-08
2.1950e-08
2.1362e-08
2.0911e-08
1.9643e-08
1.9555e-08
1.9342e-08
1.9190e-08
1.9103e-08
1.9027e-08
1.8959e-08
1.8886e-08
1.8803e-08
1.8709e-08
1.8579e-08
1.8238e-08
1.7929e-08
1.7828e-08
1.7642e-08
1.7592e-08
1.7357e-08
1.7332e-08
1.7094e-08
1.7060e-08
1.6831e-08
1.6778e-08
1.6566e-08
1.6487e-08
1.6300e-08
1.6196e-08
1.6036e-08
1.5913e-08
1.5775e-08
1.5647e-08
1.5522e-08
1.5397e-08
1.5278e-08
1.5158e-08
1.5042e-08
1.4926e-08
1.4812e-08
1.4698e-08
1.4584e-08
1.4470e-08
1.4356e-08
1.4241e-08
1.4125e-08
1.4008e-08
1.3340e-08
1.3292e-08
1.3402e-08
1.2998e-08
1.3197e-08
1.2375e-08
1.3534e-08
1.3492e-08
1.2667e-08
1.2636e-08
1.2414e-08
1.2918e-08
1.5215e-08
1.5242e-08
1.4794e-08
1.5069e-08
1.4262e-08
1.3923e-08
1.1975e-08
1.4004e-08
1.3630e-08
1.3097e-08
1.2712e-08
1.2813e-08
1.1138e-08
1.2127e-08
1.2468e-08
1.3712e-08
1.2570e-08
1.2758e-08
1.3270e-08
1.2606e-08
1.0398e-08
1.2460e-08
1.2143e-08
1.1786e-08
1.1855e-08
1.2472e-08
1.0309e-08
1.1930e-08
1.1679e-08
1.0899e-08
1.2089e-08
1.2299e-08
1.0762e-08
1.2214e-08
1.2197e-08
1.2288e-08
1.0161e-08
1.0017e-08
1.6330e-08
1.4659e-08
1.1062e-08
9.7030e-09
9.6360e-09
9.6087e-09
9.5533e-09
9.8843e-09
9.5335e-09
9.0581e-09
1.0306e-08
1.0275e-08
1.0256e-08
1.0213e-08
1.0144e-08
1.0052e-08
9.9423e-09
9.8221e-09
9.6989e-09
9.5773e-09
9.4590e-09
9.3450e-09
9.2362e-09
9.1322e-09
9.0298e-09
8.9193e-09
8.8009e-09
8.7128e-09
8.6609e-09
8.6261e-09
8.5969e-09
8.5691e-09
8.5416e-09
8.5135e-09
8.4846e-09
8.4548e-09
8.4284e-09
8.5424e-09
8.4753e-09
8.3414e-09
8.3273e-09
8.3500e-09
8.3569e-09
8.3430e-09
8.3147e-09
8.2787e-09
8.2398e-09
8.2011e-09
8.1636e-09
8.1279e-09
1.0217e-08
8.8626e-09
8.7649e-09
8.7079e-09
8.6600e-09
8.6192e-09
8.5825e-09
8.5479e-09
8.5151e-09
8.4836e-09
8.4531e-09
8.4235e-09
8.3947e-09
8.3665e-09
8.3390e-09
8.3120e-09
8.2855e-09
8.2595e-09
8.2339e-09
8.2088e-09
8.1840e-09
8.1596e-09
8.1356e-09
8.1119e-09
8.0884e-09
8.0650e-09
7.9910e-09
7.9133e-09
8.0291e-09
8.1992e-09
7.9376e-09
8.4403e-09
8.5063e-09
7.7819e-09
8.2113e-09
8.2876e-09
7.7885e-09
8.3314e-09
7.9931e-09
7.7065e-09
8.4137e-09
7.4398e-09
7.4171e-09
7.4294e-09
7.4169e-09
7.6042e-09
7.5055e-09
1.1404e-08
1.1021e-08
1.0646e-08
9.2956e-09
7.7005e-09
8.2081e-09
7.6604e-09
7.2976e-09
1.0630e-08
7.4514e-09
7.2337e-09
7.0621e-09
7.1596e-09
7.3004e-09
7.7591e-09
7.4178e-09
7.5774e-09
6.9845e-09
7.2047e-09
6.8773e-09
7.5268e-09
6.8434e-09
6.8250e-09
6.9380e-09
7.0768e-09
6.9378e-09
7.1048e-09
7.0723e-09
6.7858e-09
6.7391e-09
6.6790e-09
6.6981e-09
6.7128e-09
6.9855e-09
6.5843e-09
6.8426e-09
6.8750e-09
6.7550e-09
6.6002e-09
7.0774e-09
7.1132e-09
6.6919e-09
6.5899e-09
6.4703e-09
7.1163e-09
6.4656e-09
6.5080e-09
6.7390e-09
6.9580e-09
6.6533e-09
6.4490e-09
6.3988e-09
6.5608e-09
7.1613e-09
7.0441e-09
7.2229e-09
7.0483e-09
7.1105e-09
7.1032e-09
7.0924e-09
7.0778e-09
7.0675e-09
7.0627e-09
7.0628e-09
7.0709e-09
7.1769e-09
6.8769e-09
6.9434e-09
6.9659e-09
7.0037e-09
7.1146e-09
6.8914e-09
7.0295e-09
6.8221e-09
6.8415e-09
6.9359e-09
7.0269e-09
7.0977e-09
6.8075e-09
6.7668e-09
7.0303e-09
6.9404e-09
6.8870e-09
6.7275e-09
6.8569e-09
6.3986e-09
6.3837e-09
6.3529e-09
6.5105e-09
6.5748e-09
6.6904e-09
6.7646e-09
6.6900e-09
6.7880e-09
7.3328e-09
6.9383e-09
6.6015e-09
7.0143e-09
6.7064e-09
6.6326e-09
7.1180e-09
7.6326e-09
7.6035e-09
7.3307e-09
6.1350e-09
6.0275e-09
6.0208e-09
5.9248e-09
7.7693e-09
7.1125e-09
7.2219e-09
7.2259e-09
6.7750e-09
5.6990e-09
5.8376e-09
5.6769e-09
5.6669e-09
5.6584e-09
6.5903e-09
7.5238e-09
7.5221e-09
7.2186e-09
7.1445e-09
5.6267e-09
5.6166e-09
5.6155e-09
5.6166e-09
5.6179e-09
5.6176e-09
5.6241e-09
5.6253e-09
5.6222e-09
5.6181e-09
5.6138e-09
5.6095e-09
5.6050e-09
5.6004e-09
5.5958e-09
5.5911e-09
5.5863e-09
5.5815e-09
5.5766e-09
5.5716e-09
5.5663e-09
5.5604e-09
5.5533e-09
5.5438e-09
5.5303e-09
5.5119e-09
5.5513e-09
7.6060e-09
7.2117e-09
7.0709e-09
5.9551e-09
6.6632e-09
6.7659e-09
6.7543e-09
6.7213e-09
6.6791e-09
6.6293e-09
6.5701e-09
6.4995e-09
6.4246e-09
6.3584e-09
6.2934e-09
6.2028e-09
6.0251e-09
6.4092e-09
6.2086e-09
5.9175e-09
5.6983e-09
5.9757e-09
6.2768e-09
5.6248e-09
7.2689e-09
7.6403e-09
6.6930e-09
5.2266e-09
5.2437e-09
5.1936e-09
5.4070e-09
5.3186e-09
6.2168e-09
5.1776e-09
5.0918e-09
7.2284e-09
6.4228e-09
5.7504e-09
4.9720e-09
6.3787e-09
5.6752e-09
5.0179e-09
6.8652e-09
5.4870e-09
6.1460e-09
5.1140e-09
6.2402e-09
6.7739e-09
5.3398e-09
4.9832e-09
4.8953e-09
6.4640e-09
6.1922e-09
5.5645e-09
5.6308e-09
5.5418e-09
5.4691e-09
5.4158e-09
5.3797e-09
5.3536e-09
5.3316e-09
5.3109e-09
5.2899e-09
5.2672e-09
5.2416e-09
5.2135e-09
5.1855e-09
5.1604e-09
5.1391e-09
5.1208e-09
5.1050e-09
5.0910e-09
5.0784e-09
5.0668e-09
5.0562e-09
5.0462e-09
5.0369e-09
5.0281e-09
5.0197e-09
5.0117e-09
5.0040e-09
4.9966e-09
4.9895e-09
4.9827e-09
4.9761e-09
4.9696e-09
4.9634e-09
4.9573e-09
4.9514e-09
4.9457e-09
4.9400e-09
4.9345e-09
4.9292e-09
4.9239e-09
4.9187e-09
4.9137e-09
4.9087e-09
4.9038e-09
4.8990e-09
4.8941e-09
4.8875e-09
4.8608e-09
4.7284e-09
6.2706e-09
5.9627e-09
6.2459e-09
6.2177e-09
6.1693e-09
6.4148e-09
7.4381e-09
7.0512e-09
5.4625e-09
5.4336e-09
5.5553e-09
6.3482e-09
6.7317e-09
6.7043e-09
6.5527e-09
5.8165e-09
5.4360e-09
5.5076e-09
5.6807e-09
6.2202e-09
6.5016e-09
6.4171e-09
6.3882e-09
6.3577e-09
6.3241e-09
6.2937e-09
6.2664e-09
6.2408e-09
6.2170e-09
6.1949e-09
6.1743e-09
6.1548e-09
6.1365e-09
6.1191e-09
6.1027e-09
6.0872e-09
6.0725e-09
6.0587e-09
6.0455e-09
6.0330e-09
6.0211e-09
6.0097e-09
5.9988e-09
5.9882e-09
5.9780e-09
5.9680e-09
5.9583e-09
5.9487e-09
5.9392e-09
5.9297e-09
4.8736e-09
4.7216e-09
4.6830e-09
4.6382e-09
4.6074e-09
4.5810e-09
4.5585e-09
4.5394e-09
4.5226e-09
4.5073e-09
4.4931e-09
4.4799e-09
4.4684e-09
4.4592e-09
4.4525e-09
4.4484e-09
4.4465e-09
4.4460e-09
4.4463e-09
4.4471e-09
4.4479e-09
4.4486e-09
4.4490e-09
4.4489e-09
4.4483e-09
4.4472e-09
4.4456e-09
4.4436e-09
4.4411e-09
4.4382e-09
4.4349e-09
4.4312e-09
4.4273e-09
4.4231e-09
4.4186e-09
4.4140e-09
4.4092e-09
4.4042e-09
4.3992e-09
4.3941e-09
4.3889e-09
4.3837e-09
4.3784e-09
4.3732e-09
4.3679e-09
4.3626e-09
4.3573e-09
4.3520e-09
4.3467e-09
4.3414e-09
4.5797e-09
4.3335e-09
4.2845e-09
4.2552e-09
4.2369e-09
4.2233e-09
4.2120e-09
4.2021e-09
4.1931e-09
4.1848e-09
4.1770e-09
4.1695e-09
4.1624e-09
4.1556e-09
4.1490e-09
4.1425e-09
4.1362e-09
4.1301e-09
4.1241e-09
4.1182e-09
4.1124e-09
4.1067e-09
4.1012e-09
4.0957e-09
4.0903e-09
4.0849e-09
4.0797e-09
4.0745e-09
4.0695e-09
4.0645e-09
4.0595e-09
4.0547e-09
4.0499e-09
4.0452e-09
4.0405e-09
4.0359e-09
4.0314e-09
4.0270e-09
4.0227e-09
4.0184e-09
4.0142e-09
4.0100e-09
4.0059e-09
4.0020e-09
3.9980e-09
3.9942e-09
3.9905e-09
3.9868e-09
3.9832e-09
3.9797e-09
6.1946e-09
4.2186e-09
4.1245e-09
4.0402e-09
3.9496e-09
4.0065e-09
4.0502e-09
4.1893e-09
4.4848e-09
4.2975e-09
4.1815e-09
4.4111e-09
6.4554e-09
5.6059e-09
7.7634e-09
4.4339e-09
6.0031e-09
5.7869e-09
4.1905e-09
4.0888e-09
3.9127e-09
4.3296e-09
7.6621e-09
3.8102e-09
4.8402e-09
7.5350e-09
9.2891e-09
4.2350e-09
4.1546e-09
1.0663e-08
4.0548e-09
9.0503e-09
4.1973e-09
4.3922e-09
4.6323e-09
4.5327e-09
4.6514e-09
4.5173e-09
1.8469e-08
6.7712e-09
5.2349e-09
5.0972e-09
5.5901e-09
4.7936e-09
4.6809e-09
4.6063e-09
4.4674e-09
4.2202e-09
4.1753e-09
3.9405e-09
5.1747e-09
8.4104e-09
5.4113e-09
1.3063e-08
4.3591e-09
1.2540e-08
4.5082e-09
4.3157e-09
4.5923e-09
4.8290e-09
4.3308e-09
1.7651e-08
4.5829e-09
4.4131e-09
9.4113e-09
4.5998e-09
4.9333e-09
1.2559e-08
6.1011e-09
5.7779e-09
6.1415e-09
4.7739e-09
5.2228e-09
1.3743e-08
4.2877e-09
8.9894e-09
7.5354e-09
9.8645e-09
4.3372e-09
4.2016e-09
4.3639e-09
4.7813e-09
4.9201e-09
4.3631e-09
4.2076e-09
4.3765e-09
6.8458e-09
1.4264e-08
7.4019e-09
4.8047e-09
5.3447e-09
4.4154e-09
4.2059e-09
4.4225e-09
4.4278e-09
1.0385e-08
4.0267e-09
4.2352e-09
1.2058e-08
5.0047e-09
8.1055e-09
6.4781e-09
6.2912e-09
4.6727e-09
4.6871e-09
4.9970e-09
3.7705e-09
4.4053e-09
8.7724e-09
6.4702e-09
4.5482e-09
4.6914e-09
4.5099e-09
4.9498e-09
4.1386e-09
6.9712e-09
4.1950e-09
4.3327e-09
4.6985e-09
6.6661e-09
4.5229e-09
4.2773e-09
6.2939e-09
4.2821e-09
6.3781e-09
3.7010e-09
3.6498e-09
3.7877e-09
4.1159e-09
3.7209e-09
8.1529e-09
4.4463e-09
8.1653e-09
3.9967e-09
3.9552e-09
4.2605e-09
3.5793e-09
8.1483e-09
4.6115e-09
5.8722e-09
3.7546e-09
4.9835e-09
3.5844e-09
3.6554e-09
6.2081e-09
4.3487e-09
6.4642e-09
4.5138e-09
4.5060e-09
3.7163e-09
3.9092e-09
4.7225e-09
4.5797e-09
4.6654e-09
4.6506e-09
4.4057e-09
4.3864e-09
4.3977e-09
4.4088e-09
4.4273e-09
4.4528e-09
4.4826e-09
4.5145e-09
4.5468e-09
4.5786e-09
4.6096e-09
4.6397e-09
4.6693e-09
4.6990e-09
4.7299e-09
4.7646e-09
4.8138e-09
4.8343e-09
3.4638e-09
3.2999e-09
3.8902e-09
3.5825e-09
3.5464e-09
3.5172e-09
3.4524e-09
3.4007e-09
3.4052e-09
3.4006e-09
3.4739e-09
3.4202e-09
3.5532e-09
3.4349e-09
3.4789e-09
3.6356e-09
3.6383e-09
3.4821e-09
3.3654e-09
3.6142e-09
3.7237e-09
3.8337e-09
3.7696e-09
3.9141e-09
3.3416e-09
3.6858e-09
4.0772e-09
3.9562e-09
3.7375e-09
3.7623e-09
3.7889e-09
3.7824e-09
3.7775e-09
3.7655e-09
3.7560e-09
3.7503e-09
3.7446e-09
3.7389e-09
3.7345e-09
3.7342e-09
3.7430e-09
3.4582e-09
3.5272e-09
3.3994e-09
3.4277e-09
3.3905e-09
3.5763e-09
3.5644e-09
3.3361e-09
3.3605e-09
3.4761e-09
3.3954e-09
3.3688e-09
3.3600e-09
3.3579e-09
3.3519e-09
1.0115e-08
6.6353e-09
5.2779e-09
4.8620e-09
4.7143e-09
4.5686e-09
4.4696e-09
4.3963e-09
4.3363e-09
4.2838e-09
4.2314e-09
4.1653e-09
3.8844e-09
3.8728e-09
3.8544e-09
3.8174e-09
3.7781e-09
3.7361e-09
3.6305e-09
3.5961e-09
3.8042e-09
4.8229e-09
3.4093e-09
3.3706e-09
3.3017e-09
3.3356e-09
3.3123e-09
3.3429e-09
3.2400e-09
3.2308e-09
3.2612e-09
3.2011e-09
3.3499e-09
3.5075e-09
3.2333e-09
3.2363e-09
3.2036e-09
3.2483e-09
3.3124e-09
3.2053e-09
3.1782e-09
3.2017e-09
3.8210e-09
3.3987e-09
3.2464e-09
3.1699e-09
3.2798e-09
3.2035e-09
3.2153e-09
3.2439e-09
3.2715e-09
3.2699e-09
3.2635e-09
3.2440e-09
3.2158e-09
3.1839e-09
3.3919e-09
3.3333e-09
3.2357e-09
3.2306e-09
3.2304e-09
3.4208e-09
3.6337e-09
3.5173e-09
3.3603e-09
3.2823e-09
3.2526e-09
3.2455e-09
3.2466e-09
3.2491e-09
3.2504e-09
4.5246e-09
3.0757e-09
3.0321e-09
3.0500e-09
3.0263e-09
3.0723e-09
3.0028e-09
3.0442e-09
3.0293e-09
3.0368e-09
3.0079e-09
3.0050e-09
3.0363e-09
3.0917e-09
3.8735e-09
4.2589e-09
4.0903e-09
4.0044e-09
3.9738e-09
3.9096e-09
3.8091e-09
3.7196e-09
3.6677e-09
3.8412e-09
3.9198e-09
3.9492e-09
3.9759e-09
3.9963e-09
4.0003e-09
3.9712e-09
3.9287e-09
3.9067e-09
3.8897e-09
3.8759e-09
3.8646e-09
3.8558e-09
3.8495e-09
3.8464e-09
3.8466e-09
3.8500e-09
3.8561e-09
3.8642e-09
3.8737e-09
3.8839e-09
3.8945e-09
3.9135e-09
3.2208e-09
3.3271e-09
3.2407e-09
3.2000e-09
5.8358e-09
4.9395e-09
4.6255e-09
5.0926e-09
4.9600e-09
3.5135e-09
3.2956e-09
4.4231e-09
4.0455e-09
3.9821e-09
4.5760e-09
5.4727e-09
3.4339e-09
3.2659e-09
4.7160e-09
4.7190e-09
3.3861e-09
3.2740e-09
3.2387e-09
4.9701e-09
3.5413e-09
3.3166e-09
3.3155e-09
3.3117e-09
3.3169e-09
4.3698e-09
4.9248e-09
3.2285e-09
3.9790e-09
3.6555e-09
3.2835e-09
3.3051e-09
3.7454e-09
3.2720e-09
3.2744e-09
3.2762e-09
3.2640e-09
3.2663e-09
4.7711e-09
5.6604e-09
5.3380e-09
4.2469e-09
3.6417e-09
3.3408e-09
3.5534e-09
3.1968e-09
4.4224e-09
3.5709e-09
3.0786e-09
3.2040e-09
2.8992e-09
3.3649e-09
3.5163e-09
3.2580e-09
3.2124e-09
3.3143e-09
3.4059e-09
3.4724e-09
3.6168e-09
3.4233e-09
3.2308e-09
3.5633e-09
2.8916e-09
4.4696e-09
3.8855e-09
3.1729e-09
3.4385e-09
3.5113e-09
3.4259e-09
4.7462e-09
3.9318e-09
3.6033e-09
3.6275e-09
3.5605e-09
3.5102e-09
3.5139e-09
3.3285e-09
3.3793e-09
3.3568e-09
3.5323e-09
3.7312e-09
3.4486e-09
3.4093e-09
3.3525e-09
3.3000e-09
3.2301e-09
3.1294e-09
3.6502e-09
3.6477e-09
3.6000e-09
3.6372e-09
3.6631e-09
3.6620e-09
3.4642e-09
3.5492e-09
3.5475e-09
3.3450e-09
3.2959e-09
3.3078e-09
3.3002e-09
2.9122e-09
2.9038e-09
3.1803e-09
2.8065e-09
2.8403e-09
2.8977e-09
2.9264e-09
4.0536e-09
4.4699e-09
2.9415e-09
2.8736e-09
3.0806e-09
2.9409e-09
3.9921e-09
3.0301e-09
2.9539e-09
2.9618e-09
2.9560e-09
2.9472e-09
2.9451e-09
3.4191e-09
3.7286e-09
3.4887e-09
3.2196e-09
2.9923e-09
2.9827e-09
2.9711e-09
2.9776e-09
3.4745e-09
3.7244e-09
3.5079e-09
3.2462e-09
3.0332e-09
3.0149e-09
2.9958e-09
3.0104e-09
3.4417e-09
3.7496e-09
3.5312e-09
3.3051e-09
3.0615e-09
3.0429e-09
3.0176e-09
3.0217e-09
3.6121e-09
3.4838e-09
3.6467e-09
3.4913e-09
3.3179e-09
3.1663e-09
3.0349e-09
3.0311e-09
3.0708e-09
3.0902e-09
3.0696e-09
3.0542e-09
3.0423e-09
3.0325e-09
3.0245e-09
3.0184e-09
3.0144e-09
3.0122e-09
3.0115e-09
3.0120e-09
3.0132e-09
3.0152e-09
3.0177e-09
3.0210e-09
3.0252e-09
3.0308e-09
3.0383e-09
3.0492e-09
3.0651e-09
3.0863e-09
3.1102e-09
3.1341e-09
3.1568e-09
3.1781e-09
3.1979e-09
3.2070e-09
3.1271e-09
3.1400e-09
3.1483e-09
3.1593e-09
3.1751e-09
3.1970e-09
3.2171e-09
3.2335e-09
3.2484e-09
3.2620e-09
3.2744e-09
3.2858e-09
3.2963e-09
3.3060e-09
3.3149e-09
3.3235e-09
3.3206e-09
3.3479e-09
3.3953e-09
3.6183e-09
2.9405e-09
2.8643e-09
2.8533e-09
2.8512e-09
2.9054e-09
2.8467e-09
3.0699e-09
2.9837e-09
2.9219e-09
2.8938e-09
2.8772e-09
2.8655e-09
2.8562e-09
2.8480e-09
2.8401e-09
2.8303e-09
2.7627e-09
2.7980e-09
2.7874e-09
2.8077e-09
2.8002e-09
2.7882e-09
2.7604e-09
2.7586e-09
2.7939e-09
2.7560e-09
2.8482e-09
2.7889e-09
2.7995e-09
2.8125e-09
2.7978e-09
2.6993e-09
2.8022e-09
2.7969e-09
2.7982e-09
2.7755e-09
2.7476e-09
2.8979e-09
2.7623e-09
2.7445e-09
2.7323e-09
2.7723e-09
2.7790e-09
2.7212e-09
2.7461e-09
2.7972e-09
2.8094e-09
2.8078e-09
2.8033e-09
2.7984e-09
4.1296e-09
2.9422e-09
3.0079e-09
3.0426e-09
3.0705e-09
3.1014e-09
3.1294e-09
3.1566e-09
3.1860e-09
3.2206e-09
3.2596e-09
3.2821e-09
3.2672e-09
3.2512e-09
3.2459e-09
3.2449e-09
3.2432e-09
3.2395e-09
3.2347e-09
3.2297e-09
3.2247e-09
3.2195e-09
3.2142e-09
3.2087e-09
3.2029e-09
3.1970e-09
3.1909e-09
3.1845e-09
3.1779e-09
3.1711e-09
3.1641e-09
3.1568e-09
3.1493e-09
3.1415e-09
3.1333e-09
3.1248e-09
3.1161e-09
3.1070e-09
3.0978e-09
3.0887e-09
3.0806e-09
3.0759e-09
3.0909e-09
3.1204e-09
3.0933e-09
3.1479e-09
3.1634e-09
3.1634e-09
3.1542e-09
3.1381e-09
5.4564e-09
3.3291e-09
3.3092e-09
3.3426e-09
3.4083e-09
3.1250e-09
3.0674e-09
3.0705e-09
3.2219e-09
3.1697e-09
3.0869e-09
3.1154e-09
3.0844e-09
3.2763e-09
2.7648e-09
3.2347e-09
2.9586e-09
2.9346e-09
3.4980e-09
3.2509e-09
3.0126e-09
3.0163e-09
3.0765e-09
3.1296e-09
3.3342e-09
3.0809e-09
3.0764e-09
2.9848e-09
3.6491e-09
2.9654e-09
2.8606e-09
3.1182e-09
3.1128e-09
2.8938e-09
3.0539e-09
2.7481e-09
2.8672e-09
3.4069e-09
2.7444e-09
2.7401e-09
2.9000e-09
2.8099e-09
2.6180e-09
2.7483e-09
2.7046e-09
2.6396e-09
2.6315e-09
2.6018e-09
2.6446e-09
2.7056e-09
5.3858e-09
2.7139e-09
2.6053e-09
2.7994e-09
3.9494e-09
2.8105e-09
2.7712e-09
3.1531e-09
3.0249e-09
2.4838e-09
3.5796e-09
3.5599e-09
2.6272e-09
2.7006e-09
3.9392e-09
2.6426e-09
3.9743e-09
3.9197e-09
4.0184e-09
4.0924e-09
4.1548e-09
4.0179e-09
4.1742e-09
3.7825e-09
3.6655e-09
3.6476e-09
3.6290e-09
3.6174e-09
3.6075e-09
3.5990e-09
3.5915e-09
3.5848e-09
3.5791e-09
3.5745e-09
3.5713e-09
3.5700e-09
3.5709e-09
3.5746e-09
3.5815e-09
3.5922e-09
3.6066e-09
3.6245e-09
3.6451e-09
3.6677e-09
3.6915e-09
3.7161e-09
3.7411e-09
3.7663e-09
3.7913e-09
3.8155e-09
2.6142e-09
2.6070e-09
2.6174e-09
2.5087e-09
2.6803e-09
2.6281e-09
2.5619e-09
2.6009e-09
2.6177e-09
2.5972e-09
2.6395e-09
2.5836e-09
2.6464e-09
2.5886e-09
2.5755e-09
2.6373e-09
2.5503e-09
2.5409e-09
2.5886e-09
2.5823e-09
2.5323e-09
2.5643e-09
2.5970e-09
2.5918e-09
2.6086e-09
2.5374e-09
2.5844e-09
2.5051e-09
2.5579e-09
2.6115e-09
2.4725e-09
2.5339e-09
2.5197e-09
2.5418e-09
2.5511e-09
2.5889e-09
2.5517e-09
2.5940e-09
2.5848e-09
2.5766e-09
2.5640e-09
2.5587e-09
2.5364e-09
2.4795e-09
2.5723e-09
2.5372e-09
2.6050e-09
2.4790e-09
2.5356e-09
2.5229e-09
3.8785e-09
2.6314e-09
3.0637e-09
3.0959e-09
2.7923e-09
2.7253e-09
2.8017e-09
3.0503e-09
3.0785e-09
3.0813e-09
2.5407e-09
2.5549e-09
2.6402e-09
2.2979e-09
2.5813e-09
2.9342e-09
3.0490e-09
3.0990e-09
2.4828e-09
2.5060e-09
2.5325e-09
2.5723e-09
2.8214e-09
2.2985e-09
2.4151e-09
2.6072e-09
2.7926e-09
3.0851e-09
2.4647e-09
2.4745e-09
2.4862e-09
2.5034e-09
2.5278e-09
2.5575e-09
2.3100e-09
2.2938e-09
2.3032e-09
2.5950e-09
2.6426e-09
2.7308e-09
2.8338e-09
3.0276e-09
2.4457e-09
2.4510e-09
2.4546e-09
2.4583e-09
2.4640e-09
2.4732e-09
2.4863e-09
2.5026e-09
5.1928e-09
2.8560e-09
2.7878e-09
2.7878e-09
3.0697e-09
2.7105e-09
2.8394e-09
2.6515e-09
3.1658e-09
2.8318e-09
2.7019e-09
3.3824e-09
3.5692e-09
2.5313e-09
2.6710e-09
2.6697e-09
2.6402e-09
2.6558e-09
2.6786e-09
2.7033e-09
2.6534e-09
3.1378e-09
2.9492e-09
2.6919e-09
2.6765e-09
2.6232e-09
2.6302e-09
2.6655e-09
2.6583e-09
2.7327e-09
2.7606e-09
2.6338e-09
2.6461e-09
2.9354e-09
2.5755e-09
2.6372e-09
2.5391e-09
2.6523e-09
2.6758e-09
2.6765e-09
2.6918e-09
2.5704e-09
2.6574e-09
2.6863e-09
2.7127e-09
2.7336e-09
2.7489e-09
2.7640e-09
2.7790e-09
2.7895e-09
1.3708e-07
3.3572e-09
2.4507e-09
2.5669e-09
3.3751e-09
8.5114e-09
5.9403e-09
5.8669e-09
5.1944e-09
4.5317e-09
3.9990e-09
3.5719e-09
3.2637e-09
3.0673e-09
2.9313e-09
2.8165e-09
2.7015e-09
2.6179e-09
2.5841e-09
2.5596e-09
2.6961e-09
2.4425e-09
2.4475e-09
2.4768e-09
5.2879e-09
2.9768e-09
4.8560e-09
2.7396e-09
3.1696e-09
2.7724e-09
2.7222e-09
2.4288e-09
2.8275e-09
3.1360e-09
2.7450e-09
3.0742e-09
2.7359e-09
2.4534e-09
2.6598e-09
2.6218e-09
2.7053e-09
2.8160e-09
2.8131e-09
2.3964e-09
2.5781e-09
2.6085e-09
7.2768e-09
2.4622e-09
2.3200e-09
2.5806e-09
2.2769e-09
2.2727e-09
2.7004e-09
2.5349e-09
2.4894e-09
2.4576e-09
2.4308e-09
2.4079e-09
2.3885e-09
2.3717e-09
2.3563e-09
2.3416e-09
2.3272e-09
2.3139e-09
2.3035e-09
2.2970e-09
2.2930e-09
2.2900e-09
2.2879e-09
2.2865e-09
2.2857e-09
2.2853e-09
2.2854e-09
2.2863e-09
2.2879e-09
2.2891e-09
2.2893e-09
2.2892e-09
2.2900e-09
2.2903e-09
2.2888e-09
2.2895e-09
2.2916e-09
2.2852e-09
2.2928e-09
2.2819e-09
2.2751e-09
2.2279e-09
2.2108e-09
2.2503e-09
2.2702e-09
2.2877e-09
2.3066e-09
2.3295e-09
2.3590e-09
2.4057e-09
2.4778e-09
2.2730e-09
2.2435e-09
2.2419e-09
5.0151e-09
2.3322e-09
2.9165e-09
2.2570e-09
2.8796e-09
2.8452e-09
2.2605e-09
2.2673e-09
2.3203e-09
2.2217e-09
2.2411e-09
2.3276e-09
2.3026e-09
2.2791e-09
2.2146e-09
2.1953e-09
2.1941e-09
2.1828e-09
2.1703e-09
2.1776e-09
2.1638e-09
2.1811e-09
2.1827e-09
2.1589e-09
2.1869e-09
2.1732e-09
2.1392e-09
2.3536e-09
2.1425e-09
2.3111e-09
2.1508e-09
2.1391e-09
2.1907e-09
2.1874e-09
2.2721e-09
2.1382e-09
2.1626e-09
2.1564e-09
2.1406e-09
2.1879e-09
2.1422e-09
2.1398e-09
2.4478e-09
2.1435e-09
2.1743e-09
2.4642e-09
2.1206e-09
2.0958e-09
2.1668e-09
2.1904e-09
2.6357e-09
3.1335e-09
3.6166e-09
3.4524e-09
3.4798e-09
3.6813e-09
3.8508e-09
3.9449e-09
4.0217e-09
4.0823e-09
4.1315e-09
4.1706e-09
4.1999e-09
4.2125e-09
4.0886e-09
3.5856e-09
3.6764e-09
3.6895e-09
3.7110e-09
3.7432e-09
3.7847e-09
3.8349e-09
3.8936e-09
3.9577e-09
4.0216e-09
4.0805e-09
4.1323e-09
4.1769e-09
4.2153e-09
4.2484e-09
4.2772e-09
4.3022e-09
4.3243e-09
4.3436e-09
4.3607e-09
4.3757e-09
4.3888e-09
4.4002e-09
4.4100e-09
4.4183e-09
4.4252e-09
4.4306e-09
4.4346e-09
4.4373e-09
4.4385e-09
4.4383e-09
4.4364e-09
4.4327e-09
4.4266e-09
4.4171e-09
2.4604e-09
2.7437e-09
2.7417e-09
2.7381e-09
2.7280e-09
2.7149e-09
2.7013e-09
2.6861e-09
2.6758e-09
2.6693e-09
2.6131e-09
2.5538e-09
2.5367e-09
2.5274e-09
2.5269e-09
2.5524e-09
2.5810e-09
2.5787e-09
2.5556e-09
2.5035e-09
2.5306e-09
2.5095e-09
2.4810e-09
2.5094e-09
2.4765e-09
2.4494e-09
2.2066e-09
2.1746e-09
2.1703e-09
2.1658e-09
2.1614e-09
2.1572e-09
2.1533e-09
2.1496e-09
2.1462e-09
2.1430e-09
2.1399e-09
2.1371e-09
2.1346e-09
2.1322e-09
2.1300e-09
2.1280e-09
2.1261e-09
2.1243e-09
2.1225e-09
2.1208e-09
2.1262e-09
2.1241e-09
2.1222e-09
2.1175e-09
2.1737e-09
2.0319e-09
2.0316e-09
2.0338e-09
2.0365e-09
2.0405e-09
2.0472e-09
2.0573e-09
2.0681e-09
2.0766e-09
2.0818e-09
2.0843e-09
2.0857e-09
2.0866e-09
2.0868e-09
2.0860e-09
2.0315e-09
2.0099e-09
2.0452e-09
2.0554e-09
2.0636e-09
2.0702e-09
2.0757e-09
2.0803e-09
2.0840e-09
2.0871e-09
2.0896e-09
2.0916e-09
2.0931e-09
2.0942e-09
2.0949e-09
2.0952e-09
2.0952e-09
2.0949e-09
2.0943e-09
2.0934e-09
2.0923e-09
2.0909e-09
2.0893e-09
2.0876e-09
2.0858e-09
2.0838e-09
2.0818e-09
2.0797e-09
2.0777e-09
2.0758e-09
2.0740e-09
2.0723e-09
2.0708e-09
2.0695e-09
2.3952e-09
2.1588e-09
2.1589e-09
2.1324e-09
2.1548e-09
2.1894e-09
2.1965e-09
2.1979e-09
2.1978e-09
2.1972e-09
2.1966e-09
2.1958e-09
2.1946e-09
2.1929e-09
2.1903e-09
2.1865e-09
2.1811e-09
2.1740e-09
2.1655e-09
2.1572e-09
2.1506e-09
2.1459e-09
2.1424e-09
2.1402e-09
2.1385e-09
2.1370e-09
2.1351e-09
2.1398e-09
2.4762e-09
2.1926e-09
2.1406e-09
2.1147e-09
2.1283e-09
2.1687e-09
2.1099e-09
2.1122e-09
2.1128e-09
2.1147e-09
2.1221e-09
2.1281e-09
2.1335e-09
2.1382e-09
2.1415e-09
2.1430e-09
2.1427e-09
2.1410e-09
2.1385e-09
2.1354e-09
2.1318e-09
2.1277e-09
2.0345e-09
2.1778e-09
2.8015e-09
2.8537e-09
2.9125e-09
2.9978e-09
2.3286e-09
2.5814e-09
2.4549e-09
2.5018e-09
2.6853e-09
2.6236e-09
2.5379e-09
2.4025e-09
2.6120e-09
2.3388e-09
2.3311e-09
2.2448e-09
2.1663e-09
2.2020e-09
2.2384e-09
2.3381e-09
2.2795e-09
2.3370e-09
2.3608e-09
2.3729e-09
2.3745e-09
2.3696e-09
2.3656e-09
2.3430e-09
2.3546e-09
4.4910e-09
2.4466e-09
2.3563e-09
2.1965e-09
2.1155e-09
2.1179e-09
2.1296e-09
2.1679e-09
2.1378e-09
2.1753e-09
2.1384e-09
2.1574e-09
2.1617e-09
2.1660e-09
2.1770e-09
2.1944e-09
2.1827e-09
2.1960e-09
2.2068e-09
