8.3602e-06
8.3595e-06
1.8812e-06
1.1318e-06
6.5379e-07
4.7025e-07
3.4493e-07
2.8702e-07
2.4216e-07
2.1291e-07
1.8919e-07
1.6270e-07
1.4371e-07
1.2788e-07
1.1495e-07
1.0431e-07
9.5887e-08
8.8483e-08
8.1969e-08
7.6689e-08
7.2299e-08
6.8575e-08
6.5368e-08
6.2552e-08
6.0038e-08
5.7761e-08
5.5682e-08
5.3803e-08
5.2134e-08
5.0667e-08
4.7688e-08
5.3843e-08
5.1054e-08
4.8621e-08
4.3437e-08
4.3788e-08
4.3145e-08
4.2717e-08
4.0811e-08
4.0114e-08
3.8145e-08
3.7534e-08
3.7151e-08
3.5625e-08
3.5085e-08
3.4224e-08
3.4197e-08
3.3145e-08
3.2628e-08
3.4012e-08
