8.4436e-06
8.4428e-06
1.6437e-06
7.9856e-07
5.4236e-07
4.0141e-07
2.9570e-07
2.4623e-07
2.1380e-07
1.8335e-07
1.6442e-07
1.4799e-07
1.3433e-07
1.1567e-07
1.0510e-07
1.0005e-07
9.1993e-08
8.4739e-08
7.9520e-08
7.5508e-08
7.2490e-08
7.1819e-08
7.2508e-08
7.4885e-08
7.2519e-08
7.1044e-08
7.0512e-08
5.5152e-08
5.6720e-08
5.6962e-08
5.5833e-08
5.3896e-08
5.1946e-08
5.0207e-08
4.8791e-08
4.7618e-08
4.6594e-08
4.5680e-08
4.4814e-08
4.3953e-08
4.3091e-08
4.2166e-08
4.1052e-08
3.9564e-08
3.7373e-08
3.6162e-08
3.5040e-08
3.4245e-08
3.3592e-08
3.3075e-08
