8.2883e-06
8.2876e-06
1.7935e-06
8.3409e-07
5.8122e-07
4.4525e-07
3.4256e-07
2.5877e-07
2.1892e-07
1.9161e-07
1.7089e-07
1.5040e-07
1.3359e-07
1.1906e-07
1.0706e-07
9.7813e-08
9.2338e-08
8.6366e-08
8.2092e-08
7.8259e-08
7.4288e-08
7.0229e-08
6.7801e-08
6.5153e-08
6.2945e-08
6.0935e-08
5.9099e-08
5.7420e-08
5.5874e-08
5.4429e-08
5.3057e-08
5.1739e-08
5.0463e-08
4.9208e-08
4.8080e-08
4.6393e-08
4.5614e-08
4.4503e-08
4.3224e-08
4.2292e-08
4.0998e-08
3.9443e-08
3.8571e-08
3.7238e-08
3.6276e-08
3.5482e-08
3.4766e-08
3.4105e-08
3.3492e-08
3.2922e-08
