0.0001
6.2462e-05
3.0403e-05
2.5815e-05
2.2683e-05
2.1659e-05
1.7559e-05
1.3372e-05
1.2128e-05
9.9481e-06
8.8133e-06
9.1073e-06
7.6465e-06
7.8143e-06
6.9561e-06
7.2047e-06
5.9453e-06
5.9900e-06
5.0326e-06
4.9196e-06
5.5968e-06
4.2301e-06
4.1911e-06
4.3627e-06
3.7349e-06
3.7842e-06
3.5965e-06
3.4685e-06
3.4456e-06
3.3120e-06
3.2625e-06
3.5731e-06
2.9645e-06
3.0418e-06
2.9687e-06
2.7799e-06
3.0164e-06
2.8197e-06
2.8021e-06
2.5899e-06
2.7171e-06
2.9365e-06
2.4935e-06
2.5389e-06
2.3578e-06
2.3702e-06
2.1659e-06
2.2780e-06
2.2855e-06
2.1140e-06
2.0865e-06
2.1230e-06
2.1820e-06
2.3590e-06
2.1602e-06
1.8441e-06
1.8222e-06
2.1080e-06
1.8808e-06
1.7313e-06
1.7710e-06
1.6985e-06
1.6439e-06
2.5279e-06
1.6580e-06
1.5977e-06
2.2166e-06
1.7724e-06
1.4973e-06
1.4791e-06
1.3326e-06
1.4991e-06
1.3273e-06
1.4671e-06
1.3696e-06
1.4212e-06
2.0006e-06
1.6124e-06
1.6303e-06
1.6967e-06
1.7186e-06
1.3320e-06
1.4076e-06
1.4194e-06
1.2403e-06
1.2834e-06
1.5477e-06
1.4973e-06
1.2822e-06
1.0869e-06
1.2111e-06
1.3461e-06
1.3258e-06
1.3304e-06
1.1350e-06
1.1327e-06
1.5721e-06
1.1821e-06
1.0131e-06
1.1449e-06
